marks <- structure(list(Chromosome = c(14,19,16,4,18,8,6,8,16,16,1,16,16,16,14,19,9,10,6,16,15,14,15,18,13,14,4,1,11,4,14,15,11,14,14,14,18,14,20,16,20,13,6,12,1,14,13,1,1,4,15,3,17,9,1,18,13,1,11,8,15,14,14,11,5,13,14,14,1,20,18,19,9,18,14,15,1,19,19,2,6,8,4,14,14,14,10,8,1,1,1,4,15,19,17,20,1,9,14,14,16,16,18,4,14,15,13,15,3,14,3,16,11,6,14,14,4,18,14,6,8,8,18,13,9,8,5,5,16,2,19,1,11,20,20,19,15,11,13,8,12,12,8,20,4,1,3,19,16,2,14,8,8,17,14,13,1,12,6,10,14,2,9,3,2,14,6,4,8,17,16,1,6,10,14,13,6,1,17,1,8,14,8,1,20,19,11,10,14,20,18,3,1,18,9,1,14,14,19,16,1,11,12,19,18,1,8,3,8,20,13,3,14,11,1,5,14,15,16,14,11,13,4,5,18,11,18,3,2,2,14,8,3,3,19,8,14,12,14,1,5,6,20,19,14,1,18,19,14,16,9,12,8,19,18,11,1,8,8,1,1,4,17,9,16,15,20,14,16,12,12,13,5,4,4,14,20,18,19,2,3,3,1,1,15,17,17,11,16,14,15,19,6,17,5,5,16,8,8,2,19,20,20,13,7,5,19,2,8,8,13,12,6,6,16,3,1,13,18,3,20,11,1,20,1,14,5,20,1,12,14,10,5,1,14,2,3,5,11,11,2,14,14,5,2,12,6),
                                    Position = c(43085716,8005584,33921612,41643647,6509478,13142023,47534225,19024068,1679203,26686,38132561,33921415,100013,125447,4371564,30721077,44242503,12495476,44943381,29825275,5026225,4298669,34080831,47238983,28461696,3215356,3190414,50123790,3938174,40637817,33005605,34093080,3938105,44176531,6784567,43948350,6521561,3215294,29353756,35122933,44273903,28461776,7073692,15760465,37223847,44176455,7311973,39537469,223423,7976403,42118291,1274008,39288292,15029704,30418311,47238944,28461761,6590012,3938112,16418312,3414409,33005610,33005686,28578396,25727004,28461765,6887453,7121748,13722450,44273892,35676679,41443839,46055685,45129483,33005714,42118109,50123749,8005607,8005638,38948516,30362491,27588851,41655664,43948355,114431,281112,12495538,16418227,38132599,26714,26714,41655685,42130260,8005777,34261902,44273963,3483036,15245446,3215388,43948314,29825275,49472,12157459,40637863,3215309,5026257,1824925,29018435,26624901,7121856,1273921,35135043,26825840,47534205,43928933,17891523,41066549,47239004,4371719,47534204,19024081,4760,16626502,13970100,3458201,32401252,6326101,67357,33921463,4628854,16287229,19070703,14243811,36127448,155690,41443753,42385228,3938115,20666827,16418169,33369461,30308,16418312,44273888,7988457,38120374,27591738,8005699,34896526,27150437,4298724,2163509,10503477,39288369,7121772,28461783,9318646,4003140,47534161,12495294,44176455,23506415,46055742,26624944,40361097,43948302,47534013,7988427,13154445,36913949,9568728,55304253,50556176,12495540,7121793,3118747,48097306,55296657,25062797,9400670,8860180,43948518,13142236,21920781,36207132,30709000,30421431,23309684,41638392,36207322,47238891,1273978,10400081,12157415,3458215,14865963,46793644,43085790,41443647,34562151,55304086,3937995,11203280,41443799,16598084,55304083,13154289,1273917,19024072,44282186,1825052,1563897,33005748,3938097,12429696,41900288,22852732,34080859,25644604,3215388,31260651,28461671,40649936,38630384,47238967,26838025,47238858,1256366,19573076,4628827,43948339,19036345,1268634,1564017,15280569,16418309,11772807,7537718,43948437,6118634,37370085,7061245,9041817,49844531,41789614,11149680,45129601,30721180,7121768,34562023,15245560,21327631,10503416,8005584,6509478,26837926,37223775,19023995,26686,55304206,100013,40649912,7602361,44242503,29825275,5026225,36207253,6784567,35122933,33369396,15760465,28422262,9730234,41643634,74755,6887453,26278034,45129483,8005607,38948516,6423107,114431,38132599,26714,51405754,34261902,114440,26837858,29825275,6887368,5026257,30721067,47534205,27090451,25727174,4760,29825325,19024015,67357,4628854,16287229,45760894,36127448,28461580,29745766,25727083,8005699,27150437,2163509,10503477,28461783,4003140,47534161,282269,34561990,28545624,55304253,3118747,6509449,27591711,36207132,2732401,3483019,36207322,38132683,46793644,25727078,36127318,55304086,11203280,4371590,30210914,31335781,12429696,22852732,4628900,1576165,38630384,4091743,26838025,4628827,22852890,97578,33524835,4628831,11203352,44031561),
                                    Type=structure(c(3,3,3,3,3,3,3,3,3,3,3,3,3,3,3,3,3,3,3,3,3,3,3,3,3,3,3,3,3,3,3,3,3,3,3,3,3,3,3,3,3,3,3,3,3,3,3,3,3,3,3,3,3,3,3,3,3,3,3,3,3,3,3,3,3,3,3,3,3,3,3,3,3,3,3,3,3,3,3,3,3,3,3,3,3,3,3,3,3,3,3,3,3,3,3,3,3,3,3,3,3,3,3,3,3,3,3,3,3,3,3,3,3,3,3,3,3,3,3,3,3,3,3,3,3,3,3,3,3,3,3,3,3,3,3,3,3,3,3,3,3,3,3,3,3,3,3,3,3,3,3,3,3,3,3,3,3,3,3,3,3,3,3,3,3,3,3,3,3,3,3,3,3,3,3,3,3,3,3,3,3,3,3,3,3,3,3,3,3,3,3,3,3,3,3,3,3,3,3,3,3,3,3,3,3,3,3,3,3,3,3,3,3,3,3,3,3,3,3,3,3,3,3,3,3,3,3,3,3,3,3,3,3,3,3,3,3,3,3,3,3,3,3,3,3,3,3,3,3,3,3,3,2,1,1,1,1,1,2,2,1,1,2,1,1,1,1,1,1,1,1,1,1,1,1,1,2,1,1,2,1,2,2,2,1,2,1,1,1,1,1,1,1,1,1,1,1,1,1,2,1,2,2,2,1,1,1,1,1,2,1,1,1,1,1,1,1,2,2,1,1,1,1,1,1,2,1,2,1,1,2,2,2,1,1,2,1,2,1,1,1,1,1,1,2,1,1),
                                    .Label = c("A", "B", "C"), class = "factor")),
                                    .Names = c("Chromosome","Position", "Type"),
                                    class = "data.frame", row.names = c(NA, -584L))

bp <- barplot(dat$size, border=NA, col="grey80", names.arg=c("1","2","3","4","5","6","7","8","9","10","11","12","13","14","15","16","17","18","19","20"))

with(marks,
     segments(
       bp[Chromosome,]-0.5,
       Position,
       bp[Chromosome,]+0.5,
       Position,
       col=Type,
       lwd=2, 
       lend=1
     )
)

# grab variables from above
library(ggplot2)
chromosome_sizes <- c(56831624L,48577505L,45779781L, 52389146L, 42234498L, 51416486L, 44630646L, 47837940L, 50189764L, 51566898L, 34766867L, 40091314L, 45874162L, 49042192L, 51756343L, 37887014L, 41641366L, 58018742L, 50746916L, 47904181L)
chromosome_names <- c("chr01","chr02","chr03","chr04","chr05","chr06","chr07","chr08","chr09","chr10","chr11","chr12","chr13","chr14","chr15","chr16","chr17","chr18","chr19","chr20")

chr_df <- data.frame(name = chromosome_names,
                            size = chromosome_sizes)


sites <- structure(list(Chromosome=c(1,2,3),
                        Position = c(43085716,8005584,33921612),
                        Type = structure(c(1,2,3),
                        .Label = c("A","B","C"), class = "factor")),
                        .Names = c("Chromosome","Position","Type"),
                        class = "data.frame", row.names = c(NA, -3L))

sites

## ~~~~~~~~~~ GEOM ~~~~~~~~~~ ## 

# GEOM BAR (bar plot)
g <- ggplot(data=chr_df, aes(x=name, y=size))
g <- g + geom_bar(stat="identity", width=0.6)
g <- g + scale_x_discrete(limits = rev(levels(chr_df$name)))
g <- g + coord_flip()
g <- g + labs(y="position (nt)",x="")
g <- g + theme_gray()
g


# GEOM SEGMENT (Data Input) 
chromosome_sizes <- c(56831624L,48577505L,45779781L, 52389146L, 42234498L, 51416486L, 44630646L, 47837940L, 50189764L, 51566898L, 34766867L, 40091314L, 45874162L, 49042192L, 51756343L, 37887014L, 41641366L, 58018742L, 50746916L, 47904181L)
chromosome_names <- c("chr01","chr02","chr03","chr04","chr05","chr06","chr07","chr08","chr09","chr10","chr11","chr12","chr13","chr14","chr15","chr16","chr17","chr18","chr19","chr20")

chr_df <- data.frame(chr = chromosome_names,
                     size = chromosome_sizes)

map_df <- data.frame(chr = c("chr01", "chr02", "chr03", "chr14"),
                  pos = c(43085716,8005584,33921612, 8005584),
                  type = c("A", "B", "C", "A"))
chr_df
map_df

# GEOM SEGMENT (Plotting)
g <- ggplot() + geom_segment(data = chr_df, 
                             aes(x = chr, xend = chr, y = 0, yend = size),
                             lineend = "round", color = "lightgrey", size = 5) 
g <- g + geom_segment(data = map_df,
                      aes(x = as.integer(chr) - 0.25, xend = as.integer(chr) + 0.25,
                          y = pos, yend = pos, color = type),
                          size = 0.7)
g <- g + theme_minimal()
g <- g + coord_flip()
g <- g + scale_x_discrete(limits = rev(levels(chr_df$chr)))
g <- g + labs(y="position (nt)",x="")
g